65048
9095
17882
59077
2989
15637
3186
11269
1803
65854
1790
6521
21100
4832
117244
8768
28306
3679
134364
7039
1326
12230
9344
902
8558
14440
1943
2624
3637
756
2951
1379
4885
40949
20459
13942
2221
10101
9337
10179
112225
3163
47983
15704
46778
7752
10077
20441
16569
25978
34415
1137
62028
34196
4515
1362
7857
20010
2221
7421
12520
4879
14974
16677
20511
5755
16923
7611
24787
6317
103509
9401
4221
73771
12897
25981
5186
15096
5373
2562
3635
8752
24512
6975
77601
12077
13120
2252
12818
21253
10685
5192
7817
33784
469
2826
2333
6352
19174
9974
3294
12442
6259
30848
4735
28220
11517
18239
22002
46233
18102
9623
4322
1576259
50962
22136
7079
27454
137290
5590
1198
10456
3838
15763
8962
6265
3441
8692
13159
3362
856
152051
699
20175
477
12341
9972
11734
3534
129032
3320
30303
31355
14810
14092
756
6289
9236
25228
7242
8511
12226
21992
77061
2730
319375
11156
6975
3707
3135
20580
3947
17472
80507
1124
8492
11622
6793
20598
16892
3534
28139
5869
97590
12783
8547
52508
16496
28953
40220
7125
4957
19982
6493
8444
53498
5345
17956
21229
1180
9150
6314
7126
29090
24660
1513
81455
1177
39959
3357
3301
12740
6336
7943
25057
4396
55299
82457
8495
5469
16173
19050
13320
16817
4902
1221
18278
17882
1943
10078
9402
4222
2252
7080
2731
1221